01	665175.643 5493972.498 253.15		67                
02	665176.141 5493970.885 253.18		68                
03	665176.624 5493969.258 253.14		72                
04	665177.259 5493967.098 253.15		68                
05	665177.988 5493965 253.17		58                
06	665172.486 5493971.429 253.14		70                
07	665173.034 5493969.622 253.16		78                
08	665173.514 5493968.103 253.17		70                
09	665174.215 5493965.68 253.15		81                
10	665174.67 5493964.053 253.14		72                
11	665158.989 5493960.038 253.1		73                
12	665158.619 5493961.63 253.11		74                
13	665158.082 5493963.481 253.1		75                
14	665157.689 5493965.428 253.15		72                
15	665157.037 5493967.124 253.17		79                
16	665141.269 5493963.969 253.21		68                
17	665141.412 5493962.567 253.2		75                
18	665142.138 5493960.92 253.16		70                
19	665142.834 5493958.23 253.1		67                
20	665143.47 5493956.355 253.13		72                
21	665128.094 5493952.207 253.14		75                
22	665127.829 5493953.414 253.15		70                
23	665127.32 5493955.33 253.2		74                
24	665126.678 5493957.403 253.22		67                
25	665126.187 5493959.307 253.23		66                
26	665110.162 5493956.327 253.18		75                
27	665110.584 5493954.55 253.12		75                
28	665111.524 5493951.407 253.09		72                
29	665112.339 5493948.963 253.13		72                
30	665112.455 5493948.261 253.11		58                
31	665106.162 5493946.766 253.16		68                
32	665105.955 5493948.222 253.15		79                
33	665105.323 5493949.841 253.14		77                
34	665104.542 5493952.976 253.16		75                
35	665103.958 5493955.075 253.24		74                
36	665107.282 5493942.622 253.16		74                
37	665107.816 5493941.201 253.17		63                
38	665108.407 5493938.931 253.14		71                
39	665109.317 5493936.381 253.15		63                
40	665109.855 5493935.121 253.14		63                
41	665117.444 5493936.984 253.05		70                
42	665116.943 5493938.535 253		81                
43	665116.556 5493939.905 253.07		64                
44	665115.968 5493942.187 253.08		72                
45	665114.937 5493945.144 253.04		69                
46	665130.723 5493948.909 253.12		64                
47	665131.114 5493947.681 253.07		74                
48	665131.56 5493946.029 253.11		63                
49	665131.963 5493943.89 253.12		75                
50	665132.73 5493941.175 253.14		66                
51	665148.647 5493944.99 253.09		61                
52	665148.196 5493946.404 253.09		73                
53	665147.23 5493949.62 253.1		76                
54	665146.175 5493951.937 253.1		71                
55	665146.032 5493953.135 253.1		70                
56	665161.722 5493956.878 253.04		74                
57	665162.331 5493955.021 253.04		78                
58	665162.83 5493953.055 253.04		81                
59	665163.649 5493950.651 253.01		84                
60	665164.06 5493948.982 253.04		71                
61	665179.617 5493952.848 253.02		63                
62	665179.25 5493954.744 253.04		68                
63	665178.734 5493956.582 253.02		77                
64	665177.65 5493958.83 253.05		75                
65	665177.134 5493960.555 253.07		72                
66	665184.088 5493937.258 253.01		78                
67	665184.607 5493935.509 253.01		74                
68	665185.18 5493933.861 252.98		82                
69	665185.762 5493931.628 252.96		75                
70	665186.311 5493929.825 252.96		71                
71	665181.706 5493928.529 253.03		73                
72	665181.182 5493930.098 253.03		78                
73	665180.62 5493932.186 253.02		77                
74	665180.124 5493933.914 253.04		77                
75	665179.464 5493936.24 253.06		71                
76	665163.856 5493932.663 253.12		73                
77	665164.369 5493930.713 253.08		75                
78	665164.81 5493929.048 253.09		78                
79	665165.551 5493926.48 253.07		77                
80	665166.273 5493924.66 253.06		65                
81	665150.732 5493920.949 253.1		74                
82	665150.155 5493922.523 253.12		77                
83	665149.721 5493924.374 253.13		72                
84	665148.909 5493927.109 253.13		69                
85	665148.374 5493928.626 253.15		74                
86	665132.811 5493924.825 253.12		69                
87	665133.145 5493922.835 253.1		79                
88	665134.039 5493920.588 253.08		75                
89	665134.689 5493918.713 253.04		78                
90	665135.584 5493916.771 253.03		80                
91	665119.859 5493913.058 252.96		73                
92	665119.197 5493914.737 253.04		78                
93	665118.635 5493916.559 253.07		75                
94	665118.013 5493918.639 253.09		84                
95	665117.439 5493920.55 253.09		82                
96	665135.823 5493898.358 252.98		64                
97	665137.288 5493898.786 252.99		72                
98	665138.561 5493899.013 252.97		75                
99	665141.058 5493899.66 252.97		65                
100	665142.9 5493900.217 252.99		64                
101	665144.236 5493895.733 252.99		62                
102	665142.69 5493895.405 253.01		70                
103	665141.402 5493894.862 252.97		66                
104	665139.744 5493894.672 252.97		65                
105	665137.469 5493894.146 252.96		51                
106	665138.288 5493889.334 252.98		74                
107	665139.712 5493889.952 253.02		81                
108	665141.172 5493890.138 253.01		76                
109	665143.434 5493890.822 253.02		78                
110	665145.614 5493891.528 253.01		74                
111	665150.694 5493876.195 253.05		76                
112	665149.189 5493875.531 253.04		78                
113	665147.606 5493875.038 253.02		77                
114	665145.771 5493874.444 252.99		82                
115	665143.351 5493873.57 252.98		74                
116	665148.469 5493858.452 252.84		64                
117	665150.182 5493858.825 252.88		67                
118	665151.67 5493859.278 252.92		63                
119	665153.866 5493860.145 252.91		72                
120	665155.904 5493860.958 252.91		57                
121	665160.909 5493845.719 252.99		64                
122	665159.007 5493845.207 253.05		65                
123	665156.891 5493844.336 253.02		65                
124	665153.819 5493843.519 252.99		57                
125	665153.592 5493843.188 253.01		57                
126	665158.372 5493828.256 252.95		79                
127	665160.447 5493828.817 252.9		72                
128	665162.086 5493829.398 252.91		64                
129	665164.493 5493830.275 252.92		69                
130	665165.89 5493830.67 252.9		70                
131	665170.317 5493815.598 252.74		67                
132	665168.102 5493815.009 252.76		71                
133	665165.927 5493814.241 252.81		71                
134	665163.558 5493813.208 252.82		72                
135	665162.975 5493813.032 252.85		67                
136	665168.241 5493798.32 252.86		57                
137	665169.99 5493798.849 252.79		58                
138	665171.635 5493799.551 252.76		76                
139	665174.329 5493800.257 252.79		61                
140	665175.955 5493800.857 252.77		53                
141	665200.13 5493815.598 252.85		58                
142	665201.781 5493816.103 252.86		57                
143	665203.068 5493816.596 252.85		58                
144	665205.945 5493817.484 252.84		57                
145	665207.516 5493818.063 252.82		66                
146	665202.897 5493833.03 252.81		64                
147	665201.216 5493832.516 252.82		60                
148	665198.448 5493831.6 252.82		56                
149	665196.541 5493830.927 252.82		50                
150	665195.106 5493830.395 252.82		49                
151	665190.203 5493845.187 252.81		64                
152	665191.631 5493845.681 252.82		61                
153	665193.161 5493846.507 252.85		68                
154	665195.53 5493846.953 252.83		70                
155	665197.476 5493847.701 252.82		70                
156	665193.223 5493862.62 252.8		57                
157	665191.164 5493861.708 252.81		62                
158	665188.917 5493861.312 252.79		49                
159	665187.058 5493860.588 252.82		61                
160	665185.807 5493860.154 252.8		70                
161	665180.554 5493874.744 252.87		64                
162	665182.097 5493875.613 252.84		69                
163	665183.968 5493876.09 252.87		72                
164	665186.523 5493876.881 252.88		71                
165	665188.267 5493877.419 252.89		76                
166	665183.504 5493892.357 252.88		62                
167	665181.889 5493891.999 252.87		64                
168	665180.191 5493891.54 252.81		70                
169	665177.522 5493890.794 252.86		70                
170	665175.599 5493890.127 252.87		71                
171	665170.409 5493905.552 252.87		73                
172	665172.268 5493905.958 252.89		77                
173	665173.897 5493906.326 252.89		71                
174	665176.192 5493906.862 252.91		72                
175	665178.228 5493907.583 252.88		77                
176	665111.234 5493897.917 253		78                
177	665108.523 5493908.504 253.01		88                
178	665103.871 5493925.621 253.16		86                
179	665101.026 5493936.603 253.18		78                
180	665097.417 5493936.96 253.21		95                
181	665099.511 5493930.143 253.22		84                
182	665102.008 5493919.992 253.22		90                
183	665103.886 5493912.424 253.14		87                
184	665103.599 5493900.489 253.14		89                
185	665099.473 5493916.246 253.21		87                
186	665095.112 5493932.85 253.22		86                
187	665098.125 5493939.463 253.2		84                
188	665099.729 5493934.486 253.18		94                
189	665101.089 5493929.159 253.23		92                
190	665103.467 5493920.522 253.15		95                
191	665105.567 5493912.268 253.1		84                
192	665107.371 5493906.726 253.04		95                
193	665108.23 5493901.801 253.06		88                
