01	665176.331 5493973.11 253.168		67
02	665176.829 5493971.497 253.194		68
03	665177.31 5493969.871 253.151		72
04	665177.946 5493967.711 253.162		68
05	665178.674 5493965.613 253.188		58
06	665173.173 5493972.042 253.153		70
07	665173.721 5493970.233 253.174		78
08	665174.2 5493968.715 253.181		70
09	665174.903 5493966.295 253.16		81
10	665175.357 5493964.666 253.157		72
11	665159.676 5493960.65 253.118		73
12	665159.305 5493962.244 253.123		74
13	665158.769 5493964.095 253.113		75
14	665158.376 5493966.04 253.163		72
15	665157.724 5493967.736 253.183		79
16	665141.955 5493964.582 253.228		68
17	665142.099 5493963.179 253.212		75
18	665142.824 5493961.532 253.172		70
19	665143.522 5493958.842 253.115		67
20	665144.156 5493956.968 253.139		72
21	665128.781 5493952.821 253.155		75
22	665128.515 5493954.027 253.165		70
23	665128.008 5493955.943 253.211		74
24	665127.364 5493958.015 253.234		67
25	665126.873 5493959.92 253.247		66
26	665110.848 5493956.939 253.198		75
27	665111.271 5493955.162 253.134		75
28	665112.209 5493952.019 253.107		72
29	665113.026 5493949.574 253.142		72
30	665113.141 5493948.875 253.125		58
31	665106.848 5493947.378 253.172		68
32	665106.641 5493948.835 253.159		79
33	665106.008 5493950.453 253.156		77
34	665105.228 5493953.587 253.174		75
35	665104.644 5493955.688 253.251		74
36	665107.968 5493943.233 253.169		74
37	665108.502 5493941.813 253.181		63
38	665109.093 5493939.543 253.157		71
39	665110.002 5493936.995 253.162		63
40	665110.54 5493935.735 253.152		63
41	665118.131 5493937.595 253.068		70
42	665117.629 5493939.148 253.012		81
43	665117.241 5493940.518 253.079		64
44	665116.654 5493942.8 253.094		72
45	665115.624 5493945.756 253.056		69
46	665131.409 5493949.521 253.137		64
47	665131.8 5493948.295 253.087		74
48	665132.246 5493946.641 253.129		63
49	665132.649 5493944.504 253.137		75
50	665133.416 5493941.788 253.156		66
51	665149.333 5493945.601 253.107		61
52	665148.883 5493947.016 253.106		73
53	665147.917 5493950.232 253.11		76
54	665146.861 5493952.549 253.111		71
55	665146.718 5493953.749 253.11		70
56	665162.408 5493957.492 253.052		74
57	665163.018 5493955.635 253.057		78
58	665163.517 5493953.667 253.059		81
59	665164.336 5493951.264 253.02		84
60	665164.745 5493949.596 253.055		71
61	665180.304 5493953.46 253.032		63
62	665179.938 5493955.357 253.056		68
63	665179.421 5493957.196 253.035		77
64	665178.337 5493959.444 253.067		75
65	665177.821 5493961.169 253.08		72
66	665184.775 5493937.87 253.022		78
67	665185.293 5493936.121 253.022		74
68	665185.866 5493934.473 252.996		82
69	665186.45 5493932.241 252.977		75
70	665186.998 5493930.438 252.977		71
71	665182.393 5493929.143 253.04		73
72	665181.868 5493930.712 253.039		78
73	665181.308 5493932.801 253.032		77
74	665180.81 5493934.527 253.056		77
75	665180.152 5493936.851 253.069		71
76	665164.543 5493933.275 253.132		73
77	665165.056 5493931.325 253.09		75
78	665165.496 5493929.66 253.102		78
79	665166.238 5493927.093 253.085		77
80	665166.961 5493925.272 253.074		65
81	665151.419 5493921.561 253.113		74
82	665150.841 5493923.137 253.132		77
83	665150.408 5493924.986 253.138		72
84	665149.595 5493927.723 253.145		69
85	665149.061 5493929.239 253.162		74
86	665133.496 5493925.438 253.138		69
87	665133.83 5493923.448 253.111		79
88	665134.725 5493921.2 253.093		75
89	665135.374 5493919.325 253.05		78
90	665136.269 5493917.384 253.039		80
91	665120.545 5493913.669 252.976		73
92	665119.884 5493915.349 253.049		78
93	665119.32 5493917.173 253.086		75
94	665118.7 5493919.253 253.105		84
95	665118.125 5493921.164 253.109		82
96	665136.509 5493898.969 252.991		64
97	665137.973 5493899.399 253		72
98	665139.247 5493899.627 252.984		75
99	665141.743 5493900.273 252.984		65
100	665143.586 5493900.829 253.008		64
101	665144.923 5493896.347 253.006		62
102	665143.378 5493896.018 253.02		70
103	665142.089 5493895.474 252.982		66
104	665140.429 5493895.285 252.985		65
105	665138.154 5493894.758 252.975		51
106	665138.975 5493889.947 252.994		74
107	665140.398 5493890.566 253.03		81
108	665141.859 5493890.752 253.024		76
109	665144.121 5493891.434 253.037		78
110	665146.3 5493892.142 253.023		74
111	665151.379 5493876.806 253.067		76
112	665149.875 5493876.144 253.053		78
113	665148.291 5493875.651 253.032		77
114	665146.456 5493875.056 253.005		82
115	665144.038 5493874.182 252.996		74
116	665149.156 5493859.064 252.855		64
117	665150.869 5493859.436 252.891		67
118	665152.356 5493859.892 252.937		63
119	665154.554 5493860.757 252.928		72
120	665156.59 5493861.57 252.923		57
121	665161.595 5493846.332 253.007		64
122	665159.694 5493845.819 253.064		65
123	665157.577 5493844.948 253.034		65
124	665154.504 5493844.132 253		57
125	665154.278 5493843.8 253.027		57
126	665159.058 5493828.871 252.961		79
127	665161.134 5493829.429 252.91		72
128	665162.773 5493830.013 252.925		64
129	665165.178 5493830.888 252.931		69
130	665166.577 5493831.282 252.91		70
131	665171.005 5493816.211 252.757		67
132	665168.789 5493815.621 252.777		71
133	665166.612 5493814.853 252.823		71
134	665164.244 5493813.82 252.838		72
135	665163.66 5493813.644 252.861		67
136	665168.926 5493798.931 252.87		57
137	665170.675 5493799.463 252.801		58
138	665172.32 5493800.164 252.778		76
139	665175.014 5493800.869 252.807		61
140	665176.64 5493801.469 252.779		53
141	665200.816 5493816.212 252.862		58
142	665202.468 5493816.715 252.874		57
143	665203.756 5493817.208 252.862		58
144	665206.633 5493818.097 252.854		57
145	665208.203 5493818.676 252.834		66
146	665203.584 5493833.643 252.82		64
147	665201.903 5493833.127 252.83		60
148	665199.134 5493832.214 252.833		56
149	665197.226 5493831.541 252.837		50
150	665195.793 5493831.007 252.834		49
151	665190.89 5493845.799 252.822		64
152	665192.318 5493846.295 252.835		61
153	665193.849 5493847.121 252.86		68
154	665196.216 5493847.564 252.842		70
155	665198.163 5493848.314 252.832		70
156	665193.909 5493863.233 252.816		57
157	665191.849 5493862.32 252.823		62
158	665189.604 5493861.924 252.806		49
159	665187.743 5493861.201 252.837		61
160	665186.494 5493860.768 252.814		70
161	665181.241 5493875.357 252.882		64
162	665182.784 5493876.225 252.85		69
163	665184.654 5493876.704 252.882		72
164	665187.21 5493877.493 252.897		71
165	665188.953 5493878.032 252.9		76
166	665184.191 5493892.969 252.897		62
167	665182.575 5493892.613 252.88		64
168	665180.878 5493892.152 252.821		70
169	665178.208 5493891.406 252.876		70
170	665176.285 5493890.739 252.884		71
171	665171.097 5493906.166 252.886		73
172	665172.954 5493906.57 252.9		77
173	665174.584 5493906.94 252.906		71
174	665176.88 5493907.476 252.928		72
175	665178.915 5493908.197 252.892		77
176	665111.921 5493898.529 253.013		78
177	665109.209 5493909.117 253.024		88
178	665104.549 5493926.224 253.17		86
179	665101.702 5493937.206 253.196		78
180	665098.096 5493937.563 253.227		95
181	665100.188 5493930.748 253.231		84
182	665102.686 5493920.595 253.23		90
183	665104.564 5493913.028 253.15		87
184	665104.278 5493901.092 253.153		89
185	665100.15 5493916.851 253.223		87
186	665095.789 5493933.453 253.231		86
187	665098.802 5493940.068 253.21		84
188	665100.406 5493935.091 253.193		94
189	665101.767 5493929.762 253.239		92
190	665104.144 5493921.125 253.163		95
191	665106.244 5493912.871 253.109		84
192	665108.048 5493907.328 253.05		95
193	665108.908 5493902.405 253.069		88
